name: University
latitude: 52.2385309
longitude: 6.8559941
radius: 250
icon: mdi:worker